#title: Spectral profile - h30a.narrowpbcube-raster
#region (world): Ellipse[[0, -7:45:40.16-29d00m30.438], [0, -7:45:40.118-29d00m29.923]]
#region (pixel): Ellipse[[429, 412], [443, 425]]
#coordinate: world
#xLabel: radio velocity [km/s]
#yLabel: [Jy/beam] Mean

# h30a.narrowpbcube-raster
-4.020000000000e+02 -7.804535700037e-05
-3.990000000000e+02 7.938994099282e-05
-3.960000000000e+02 -1.583713815333e-04
-3.930000000000e+02 -1.013434577440e-04
-3.900000000000e+02 2.393606716836e-04
-3.870000000000e+02 6.856423197014e-05
-3.840000000000e+02 -2.939768275179e-04
-3.810000000000e+02 1.714732951905e-05
-3.780000000000e+02 -3.141375035243e-04
-3.750000000000e+02 4.539351082879e-04
-3.720000000000e+02 3.729956029195e-04
-3.690000000000e+02 -2.012502795679e-04
-3.660000000000e+02 2.737976144661e-04
-3.630000000000e+02 1.809189703566e-04
-3.600000000000e+02 2.377581262269e-04
-3.570000000000e+02 -1.994309222055e-04
-3.540000000000e+02 3.129236846781e-04
-3.510000000000e+02 -3.000371859427e-05
-3.480000000000e+02 1.648027155594e-05
-3.450000000000e+02 6.242983041696e-04
-3.420000000000e+02 -3.724470911499e-04
-3.390000000000e+02 4.061951234154e-04
-3.360000000000e+02 3.425035639365e-04
-3.330000000000e+02 3.560294380016e-04
-3.300000000000e+02 3.401749593661e-04
-3.270000000000e+02 5.455353519156e-04
-3.240000000000e+02 -1.384222424212e-04
-3.210000000000e+02 2.164410455511e-04
-3.180000000000e+02 2.881946924123e-05
-3.150000000000e+02 3.558051457126e-04
-3.120000000000e+02 3.368863921437e-04
-3.090000000000e+02 5.128894710516e-06
-3.060000000000e+02 9.548101282635e-05
-3.030000000000e+02 1.853597103184e-04
-3.000000000000e+02 2.874525325932e-04
-2.970000000000e+02 -1.662133266003e-04
-2.940000000000e+02 -1.086591161244e-04
-2.910000000000e+02 -3.522225636648e-05
-2.880000000000e+02 6.114507011920e-05
-2.850000000000e+02 -9.329589899452e-05
-2.820000000000e+02 -1.212405470975e-05
-2.790000000000e+02 -1.116557397828e-04
-2.760000000000e+02 4.115298883878e-04
-2.730000000000e+02 8.643498235213e-04
-2.700000000000e+02 4.022585940689e-04
-2.670000000000e+02 -2.749481033742e-04
-2.640000000000e+02 -1.738107734028e-04
-2.610000000000e+02 -5.583805707073e-04
-2.580000000000e+02 1.670119245701e-05
-2.550000000000e+02 -1.059993108790e-04
-2.520000000000e+02 -2.031872070977e-04
-2.490000000000e+02 2.901548285018e-04
-2.460000000000e+02 5.341246977824e-04
-2.430000000000e+02 5.717684302108e-04
-2.400000000000e+02 2.565810206212e-04
-2.370000000000e+02 3.967697510824e-04
-2.340000000000e+02 3.365147571659e-04
-2.310000000000e+02 1.381157255209e-04
-2.280000000000e+02 3.030653143826e-04
-2.250000000000e+02 4.879307978642e-04
-2.220000000000e+02 6.857015816223e-04
-2.190000000000e+02 5.316049709095e-04
-2.160000000000e+02 2.050502546668e-04
-2.130000000000e+02 5.250714670668e-04
-2.100000000000e+02 7.970298311194e-04
-2.070000000000e+02 6.497591446505e-04
-2.040000000000e+02 8.001956127677e-04
-2.010000000000e+02 1.396927542280e-03
-1.980000000000e+02 1.290229143390e-03
-1.950000000000e+02 1.344063822690e-03
-1.920000000000e+02 1.198309240037e-03
-1.890000000000e+02 1.599077300684e-03
-1.860000000000e+02 1.496381830718e-03
-1.830000000000e+02 2.364228360891e-03
-1.800000000000e+02 2.659286386914e-03
-1.770000000000e+02 3.137438446292e-03
-1.740000000000e+02 3.308957733919e-03
-1.710000000000e+02 4.502967094678e-03
-1.680000000000e+02 5.365362422199e-03
-1.650000000000e+02 5.300430072771e-03
-1.620000000000e+02 5.976751134558e-03
-1.590000000000e+02 6.297313512455e-03
-1.560000000000e+02 6.721614203232e-03
-1.530000000000e+02 6.714425882730e-03
-1.500000000000e+02 7.219778403834e-03
-1.470000000000e+02 8.018970870383e-03
-1.440000000000e+02 7.542997718503e-03
-1.410000000000e+02 8.087842371762e-03
-1.380000000000e+02 7.862116710253e-03
-1.350000000000e+02 7.412747258367e-03
-1.320000000000e+02 6.719724497484e-03
-1.290000000000e+02 6.401511496377e-03
-1.260000000000e+02 5.787205017309e-03
-1.230000000000e+02 5.075419667034e-03
-1.200000000000e+02 4.149873453792e-03
-1.170000000000e+02 3.829296055524e-03
-1.140000000000e+02 2.708701023966e-03
-1.110000000000e+02 2.652980930453e-03
-1.080000000000e+02 2.047128059346e-03
-1.050000000000e+02 1.807949271244e-03
-1.020000000000e+02 1.177906449952e-03
-9.900000000000e+01 5.658959419100e-04
-9.600000000000e+01 7.269193875351e-04
-9.300000000000e+01 7.091074326676e-04
-9.000000000000e+01 4.260221624068e-04
-8.700000000000e+01 4.629938524335e-04
-8.400000000000e+01 4.988551674798e-04
-8.100000000000e+01 3.684624012481e-04
-7.800000000000e+01 3.246344184096e-04
-7.500000000000e+01 3.235141490579e-04
-7.200000000000e+01 3.113552479810e-04
-6.900000000000e+01 9.655032020441e-05
-6.600000000000e+01 2.381379270414e-04
-6.300000000000e+01 -4.348609057981e-05
-6.000000000000e+01 -9.802185464568e-06
-5.700000000000e+01 2.979794882210e-04
-5.400000000000e+01 2.524252951831e-04
-5.100000000000e+01 8.777764856504e-05
-4.800000000000e+01 -1.038853873482e-05
-4.500000000000e+01 2.228054957120e-04
-4.200000000000e+01 6.527256083572e-04
-3.900000000000e+01 5.310349716645e-04
-3.600000000000e+01 7.788030428057e-05
-3.300000000000e+01 1.666901041765e-04
-3.000000000000e+01 8.137284903788e-04
-2.700000000000e+01 5.803728975346e-04
-2.400000000000e+01 4.471509669020e-04
-2.100000000000e+01 8.719066199541e-04
-1.800000000000e+01 1.271103561694e-03
-1.500000000000e+01 7.263654815449e-04
-1.200000000000e+01 5.915718955641e-04
-9.000000000000e+00 1.033551980472e-03
-6.000000000000e+00 1.654555399327e-03
-3.000000000000e+00 1.122018152124e-03
2.130153609059e-09 1.028996993302e-03
3.000000000000e+00 2.171302421704e-03
6.000000000000e+00 2.387963408405e-03
9.000000000000e+00 2.471138117861e-03
1.200000000000e+01 2.696669229800e-03
1.500000000000e+01 2.922376771496e-03
1.800000000000e+01 2.754559170904e-03
2.100000000000e+01 2.014996147496e-03
2.400000000000e+01 1.866939275725e-03
2.700000000000e+01 1.465140650721e-03
3.000000000000e+01 1.430623122455e-03
3.300000000000e+01 1.245042740830e-03
3.600000000000e+01 6.752788745232e-04
3.900000000000e+01 1.409466333578e-04
4.200000000000e+01 6.315468849697e-04
4.500000000000e+01 6.241420207836e-04
4.800000000000e+01 5.838101783528e-04
5.100000000000e+01 2.590017441745e-04
5.400000000000e+01 2.712129483296e-04
5.700000000000e+01 8.420045179708e-04
6.000000000000e+01 4.237921141213e-04
6.300000000000e+01 4.054763509699e-04
6.600000000000e+01 1.839822916157e-04
6.900000000000e+01 1.934796812641e-04
7.200000000000e+01 -2.162895640645e-05
7.500000000000e+01 1.165577228595e-04
7.800000000000e+01 5.976425693182e-04
8.100000000000e+01 1.962136719440e-04
8.400000000000e+01 -3.783439577516e-04
8.700000000000e+01 2.100356469972e-04
9.000000000000e+01 -3.422352461647e-05
9.300000000000e+01 -2.121141355651e-04
9.600000000000e+01 -2.298650068446e-05
9.900000000000e+01 1.525462863779e-05
1.020000000000e+02 -2.318085840179e-04
1.050000000000e+02 -1.338411633166e-04
1.080000000000e+02 2.733631263874e-04
1.110000000000e+02 -2.547711552990e-04
1.140000000000e+02 2.667654581415e-04
1.170000000000e+02 -3.240450774564e-04
1.200000000000e+02 -5.466696879642e-04
1.230000000000e+02 1.699453076974e-04
1.260000000000e+02 -2.334459981935e-04
1.290000000000e+02 1.638262349694e-04
1.320000000000e+02 3.312459000326e-05
1.350000000000e+02 2.241093213014e-05
1.380000000000e+02 -3.552571703849e-04
1.410000000000e+02 1.413617052226e-04
1.440000000000e+02 1.706416240919e-04
1.470000000000e+02 3.317197718822e-04
1.500000000000e+02 1.705637506198e-04
1.530000000000e+02 -2.067216583926e-04
1.560000000000e+02 -2.213639126062e-04
1.590000000000e+02 -4.452284785981e-04
1.620000000000e+02 -3.824642780290e-04
1.650000000000e+02 -3.058991279461e-04
1.680000000000e+02 -2.376933955796e-04
1.710000000000e+02 -1.440954872862e-04
1.740000000000e+02 -5.674983532563e-04
1.770000000000e+02 -3.315774657861e-04
1.800000000000e+02 2.608044867413e-04
1.830000000000e+02 9.713479592826e-05
1.860000000000e+02 -3.995134424187e-04
1.890000000000e+02 8.570781757226e-05
1.920000000000e+02 -1.793473229247e-06
1.950000000000e+02 1.249202958969e-05
1.980000000000e+02 1.227334200027e-04
2.010000000000e+02 -4.400684744525e-04
2.040000000000e+02 -9.259752623967e-05
2.070000000000e+02 -2.329562864087e-04
2.100000000000e+02 -2.959576687718e-04
2.130000000000e+02 2.275252897328e-04
2.160000000000e+02 -6.483034352432e-05
2.190000000000e+02 -2.704134413889e-04
2.220000000000e+02 4.891827934872e-05
2.250000000000e+02 4.608586947469e-04
2.280000000000e+02 4.323497321921e-04
2.310000000000e+02 -2.884442049178e-04
2.340000000000e+02 3.552589585243e-04
2.370000000000e+02 -2.754432689842e-04
2.400000000000e+02 -1.936967762919e-04
2.430000000000e+02 1.795130457312e-04
2.460000000000e+02 -7.267354773949e-05
2.490000000000e+02 4.299120809189e-04
2.520000000000e+02 4.668308271173e-05
2.550000000000e+02 2.525543988499e-04
2.580000000000e+02 5.161363131580e-04
2.610000000000e+02 5.085656288423e-04
2.640000000000e+02 -4.039897514540e-04
2.670000000000e+02 5.097506288414e-04
2.700000000000e+02 -1.105069645083e-04
2.730000000000e+02 -9.453122953055e-06
2.760000000000e+02 3.257275080421e-04
2.790000000000e+02 -1.202554685371e-04
2.820000000000e+02 1.714224449755e-04
2.850000000000e+02 -3.496903719699e-05
2.880000000000e+02 -3.052327368100e-05
2.910000000000e+02 2.986884557019e-04
2.940000000000e+02 1.426528014944e-04
2.970000000000e+02 5.177886135943e-04
3.000000000000e+02 3.140084892646e-04
3.030000000000e+02 1.060020601434e-04
3.060000000000e+02 -1.277650655396e-04
3.090000000000e+02 -3.956596443231e-04
3.120000000000e+02 -8.627553991978e-04
3.150000000000e+02 -1.240210741061e-04
3.180000000000e+02 -4.137805300791e-04
3.210000000000e+02 1.061273193103e-04
3.240000000000e+02 3.142224401472e-04
3.270000000000e+02 -4.387332111368e-04
3.300000000000e+02 -1.177076604246e-04
3.330000000000e+02 -4.283243621183e-04
3.360000000000e+02 2.750305664042e-04
3.390000000000e+02 -2.241987096464e-04
3.420000000000e+02 -1.194253099064e-04
3.450000000000e+02 5.371582167177e-04
3.480000000000e+02 1.993696486278e-04
3.510000000000e+02 -5.227002153711e-04
3.540000000000e+02 -4.186327954291e-04
3.570000000000e+02 1.332190100049e-04
3.600000000000e+02 4.060198857514e-04
3.630000000000e+02 3.998019587154e-04
3.660000000000e+02 3.890352135904e-04
3.690000000000e+02 1.471241782450e-04
3.720000000000e+02 1.783585484105e-04
3.750000000000e+02 -1.980308835391e-04
3.780000000000e+02 8.371926943742e-04
3.810000000000e+02 8.508577154891e-04
3.840000000000e+02 1.037857283774e-04
3.870000000000e+02 2.093729327228e-04
3.900000000000e+02 -3.950850555201e-04
3.930000000000e+02 -4.623288433801e-04
3.960000000000e+02 -2.371280603982e-04
3.990000000000e+02 2.521676242915e-04
4.020000000000e+02 -7.767440002541e-05
