No	Ref	V	B-V	U-B	N
0001	1367	13.59	+0.57	+0.06	2
0003	1367	12.89	+0.54	+0.08	2
0004	1367	12.77	+0.95	+0.69	1
0005	1367	13.05	+0.60	+0.07	1
0006	1367	12.82	+0.55	+0.03	1
0007	1367	14.05	+0.61	+0.11	2
0009	1367	13.45	+0.56	+0.07	2
0011	1367	13.62	+0.66	+0.09	1
0013	1367	14.29	+0.62	+0.07	1
0014	1367	13.90	+0.59	+0.01	1
0015	59	13.61	+0.55	+0.04	1
0015	1367	13.59	+0.56	+0.05	1
0016	1367	12.69	+0.51	-0.01	1
0017	1367	14.09	+0.65	+0.07	2
0018	1367	12.75	+0.56	+0.04	1
0019	1367	14.09	+0.59	+0.01	3
0020	59	12.95	+0.87	+0.475	2
0020	1367	12.93	+0.86	+0.47	2
0022	1367	12.65	+0.47	-0.12	1
0023	59	12.66	+0.54	-0.01	1
0024	59	13.31	+0.58	+0.07	1
0027	59	13.59	+0.67	+0.10	1
0028	1367	12.77	+0.55	+0.04	1
0030	59	12.04	+0.60	+0.08	1
0030	1367	12.00	+0.58	+0.10	1
0030	2004	11.93	+0.53	+0.19	2
0032	1367	13.35	+0.58	+0.03	1
0033	1367	14.11	+0.59	+0.05	1
0034	1367	13.10	+0.59	+0.04	1
0035	1367	14.11	+0.61	+0.08	2
0037	59	12.89	+0.98	+0.65	2
0038	1367	14.02	+0.58	+0.09	2
0039	59	13.57	+0.49	-0.01	1
0040	59	13.79	+0.57	+0.05	1
0041	1367	13.22	+0.58	+0.02	1
0042	59	13.51	+0.61	+0.06	1
0043	59	13.44	+0.635	+0.06	2
0046	59	12.79	+0.815	+0.38	2
0048	59	12.77	+0.745	+0.26	2
0048	1367	12.75	+0.75	+0.26	2
0049	59	13.44	+0.60	+0.04	1
0051	59	12.69	+0.62	+0.09	1
0052	59	13.52	+0.60	+0.07	2
0054	59	12.65	+0.63	+0.10	1
0054	700	12.66	+0.621	+0.138	1
0054	752	12.669	+0.604		5
0055	59	11.32	+0.295	+0.125	2
0055	752	11.333	+0.281		5
0055	1367	11.33	+0.29	+0.15	7
0055	2004	11.34	+0.28	+0.13	4
0055	2037	11.316	+0.299		17
0057	1367	13.55	+0.55	+0.07	1
0058	1367	14.02	+0.68	+0.10	1
0061	59	13.46	+0.585	+0.03	2
0062	59	13.79	+0.58	+0.01	1
0063	59	13.38	+0.55	+0.04	2
0064	59	14.05	+0.70	+0.17	1
0065	2004	12.58	+0.63	-0.02	1
0067	1367	14.12	+0.64	+0.04	1
0068	1367	13.67	+0.57	+0.03	2
0069	1367	13.43	+0.56	-0.01	1
0070	59	11.55	+0.41	-0.035	2
0070	752	11.563	+0.398		5
0071	59	13.62	+0.575	+0.08	2
0072	59	12.40	+0.985	+0.725	2
0072	1367	12.40	+0.99	+0.74	4
0072	2004	12.42	+0.94	+0.81	3
0073	59	13.84	+0.565	+0.065	2
0074	1367	13.70	+0.56	+0.04	1
0075	59	13.41	+0.585	+0.02	3
0075	752	13.444	+0.552		5
0077	59	13.36	+0.58	+0.02	1
0079	59	12.80	+0.79	+0.27	1
0079	695	12.78	+0.74	+0.34	1
0080	59	13.86	+0.59	+0.065	2
0081	59	10.03	-0.073	-0.385	3
0081	100	10.04	-0.06	-0.42	10
0081	700	10.036	-0.079	-0.374	4
0081	752	10.030	-0.083		7
0081	1385	10.02	-0.07	-0.36	1
0081	2004	9.99	-0.07	-0.39	3
0081	2037	10.017	-0.071		18
0082	59	13.90	+0.59	+0.065	2
0083	59	13.24	+0.605	+0.065	2
0083	100	13.20	+0.60	+0.10	6
0084	59	10.59	+1.115	+0.955	2
0084	100	10.54	+1.10	+0.97	4
0084	318	10.54	+1.10		1
0084	700	10.55	+1.092		1
0084	1367	10.51	+1.11	+1.00	3
0084	2004	10.54	+1.16	+1.07	2
0086	59	13.70	+1.02	+0.68	2
0087	59	13.66	+0.545	+0.025	2
0088	1367	12.09	+0.51	+0.29	1
0088	2004	12.21	+0.72	+0.30	2
0089	59	13.41	+0.575	+0.055	2
0090	1367	10.89	+0.43	+0.11	5
0090	2004	10.89	+0.41	+0.15	3
0093	59	14.18	+0.61	+0.09	1
0094	59	12.83	+0.56	+0.07	3
0094	752	12.833	+0.550		11
0095	59	12.67	+0.51	+0.01	3
0095	752	12.678	+0.491		12
0095	1367	12.68	+0.50	+0.06	3
0097	59	14.34	+0.54	-0.05	4
0098	59	12.85	+0.58	+0.065	2
0099	59	13.60	+0.61	+0.16	1
0100	752	13.465	+0.581		10
0100	1367	13.43	+0.58	+0.05	2
0101	59	13.20	+0.56	+0.10	1
0102	2004	12.36	+0.78	+0.27	2
0103	59	13.20	+0.55	+0.065	2
0104	59	11.21	+1.07	+0.89	1
0104	1367	10.98	+1.00	+0.72	1
0104	2004	11.15	+1.06	+0.97	2
0105	59	10.30	+1.260	+1.320	3
0105	100	10.31	+1.25	+1.26	7
0105	308	10.30	+1.25		3
0105	318	10.32	+1.26		1
0105	695	10.30	+1.26	+1.35	1
0105	700	10.300	+1.251		4
0105	752	10.267	+1.243		5
0105	1367	10.30	+1.28	+1.32	2
0105	1385	10.30	+1.275	+1.32	1
0105	2004	10.33	+1.26	+1.27	2
0105	2037	10.282	+1.262		15
0106	59	13.09	+0.565	+0.03	2
0106	752	13.062	+0.563		16
0106	1367	13.09	+0.56		1
0107	59	13.92	+0.59	+0.07	1
0108	59	9.72	+1.38	+1.545	3
0108	100	9.68	+1.37		1
0108	308	9.71	+1.36		3
0108	752	9.662	+1.362		14
0108	1367	9.69	+1.38	+1.63	5
0108	2004	9.72	+1.40	+1.46	4
0109	59	13.54	+0.58	+0.04	2
0110	59	13.61	+0.52	+0.07	1
0111	59	12.74	+0.56	+0.045	2
0111	752	12.741	+0.556		14
0112	59	13.28	+0.58	+0.09	1
0113	1367	13.32	+0.60	+0.10	1
0114	59	13.44	+0.57	+0.06	1
0115	59	12.65	+0.63	+0.12	2
0116	1367	14.00	+0.73	+0.19	1
0117	59	12.61	+0.77	+0.28	3
0117	700	12.68	+0.767	+0.269	1
0117	752	12.632	+0.779		16
0119	59	12.57	+0.59	+0.07	3
0120	59	13.68	+0.58	+0.00	3
0122	59	13.70	+0.55	+0.09	1
0122	1367	13.74	+0.55	+0.09	2
0123	59	13.95	+0.61	+0.05	1
0124	59	12.14	+0.45	+0.03	4
0124	700	12.17	+0.468	+0.079	1
0124	752	12.129	+0.455		10
0124	1367	12.11	+0.46	+0.05	3
0124	2004	12.13	+0.42	+0.13	2
0125	59	13.86	+0.58	+0.04	1
0126	59	13.98	+0.585	+0.06	2
0127	59	12.77	+0.56	+0.06	7
0127	752	12.785	+0.553		9
0127	1367	12.78	+0.55	+0.07	6
0128	59	13.16	+0.58	+0.05	2
0128	752	13.158	+0.576		1
0129	59	13.19	+0.58	+0.06	1
0129	752	13.174	+0.587		5
0130	59	12.88	+0.47	+0.005	6
0130	752	12.895	+0.454		1
0131	59	11.22	+0.415	+0.06	2
0131	71	11.20	+0.42	+0.06	1
0131	100	11.21	+0.42	+0.05	3
0131	318	11.18	+0.42		1
0131	700	11.22	+0.414	+0.064	1
0131	1367	11.21	+0.40	+0.10	6
0131	2004	11.15	+0.41	+0.05	1
0132	59	13.12	+0.61	+0.08	4
0134	59	12.27	+0.58	+0.06	3
0134	752	12.265	+0.567		7
0134	1367	12.19	+0.52	+0.11	1
0134	2004	12.27	+0.51	+0.20	2
0135	59	11.45	+1.06	+0.92	3
0135	308	11.44	+1.06		3
0135	700	11.42	+1.090		1
0135	752	11.428	+1.052		7
0135	1367	11.45	+1.05	+0.96	1
0135	2004	11.44	+1.07	+0.90	2
0136	59	11.31	+0.63	+0.14	3
0136	100	11.31	+0.64	+0.18	4
0136	700	11.30	+0.615	+0.170	2
0136	1367	11.28	+0.61	+0.16	2
0136	2004	11.27	+0.59	+0.20	1
0136	2037	11.284	+0.645		16
0137	59	14.05	+0.64	+0.16	1
0140	59	13.20	+0.565	+0.06	2
0141	59	10.48	+1.11	+0.98	2
0141	100	10.49	+1.10	+0.99	1
0141	308	10.47	+1.11		3
0141	700	10.47	+1.100		1
0141	752	10.442	+1.085		4
0141	1367	10.46	+1.12	+1.02	2
0141	2004	10.46	+1.13	+0.93	5
0141	2037	10.459	+1.117		4
0142	59	14.17	+0.62	+0.11	1
0142	1367	14.18	+0.66	+0.10	4
0143	59	11.52	+0.86	+0.50	3
0143	308	11.51	+0.87		3
0143	700	11.41	+0.874	+0.519	1
0143	1367	11.49	+0.91	+0.48	2
0143	2004	11.52	+0.87	+0.50	1
0145	59	12.82	+0.585	+0.055	2
0147	59	13.28	+0.59	+0.065	2
0148	59	13.32	+0.575	+0.085	2
0149	59	12.56	+0.605	+0.085	2
0150	59	13.26	+0.585	+0.05	2
0151	59	10.49	+1.10	+0.96	3
0151	100	10.55	+1.10		1
0151	308	10.50	+1.09		3
0151	700	10.51	+1.090		1
0151	1367	10.48	+1.10	+0.96	3
0151	2004	10.50	+1.13	+0.88	3
0151	2037	10.481	+1.103		15
0152	59	13.51	+0.57	+0.065	2
0153	59	11.31	+0.13	+0.11	3
0153	700	11.29	+0.105	+0.119	1
0153	752	11.280	+0.105		2
0153	2004	11.26	+0.13	+0.09	4
0153	2037	11.265	+0.124		16
0154	1367	13.68	+0.54	+0.04	1
0155	59	10.51	+0.59	+0.035	2
0155	318	10.51	+0.58		1
0155	700	10.51	+0.587	+0.087	1
0156	59	10.99	+0.11	+0.09	3
0156	100	10.96	+0.11	-0.01	3
0156	700	10.94	+0.104	+0.081	1
0156	1367	10.93	+0.11	+0.09	3
0156	2004	10.91	+0.11	+0.10	2
0157	59	12.78	+0.58	+0.075	2
0157	100	12.78	+0.60	+0.11	2
0159	59	13.33	+0.63	+0.03	1
0161	59	12.89	+0.46	+0.00	1
0162	59	12.84	+0.58	+0.08	2
0163	59	12.67	+0.68	+0.19	1
0163	695	12.67	+0.69	+0.18	1
0164	59	10.55	+1.125	+1.015	2
0164	308	10.55	+1.12		3
0164	1367	10.52	+1.11	+1.01	3
0164	2004	10.63	+1.09	+0.83	2
0165	59	12.86	+0.60	+0.11	1
0166	59	12.93	+0.93	+0.59	2
0166	695	12.91	+0.92	+0.59	1
0166	700	12.97	+0.906	+0.619	1
0166	752	12.911	+0.898		2
0168	59	13.31	+0.49	+0.03	1
0170	59	9.69	+1.355	+1.48	4
0170	308	9.67	+1.34		3
0170	318	9.67	+1.35		1
0170	1367	9.67	+1.36	+1.54	2
0170	2004	9.69	+1.37	+1.46	1
0170	2037	9.645	+1.350		15
0171	59	13.15	+0.59	+0.065	2
0173	1367	11.74	+0.92	+0.52	2
0174	59	12.68	+0.60	+0.09	1
0175	59	13.72	+0.595	+0.08	2
0176	59	12.64	+0.575	+0.045	2
0176	1367	12.65	+0.57	+0.00	5
0177	59	13.08	+0.58	+0.08	1
0179	59	13.67	+0.65	+0.10	1
0180	59	12.64	+0.59	+0.11	1
0183	1367	13.29	+0.56	+0.06	1
0184	59	12.27	+0.27	+0.10	2
0184	700	12.26	+0.278	+0.076	1
0184	1367	12.22	+0.26	+0.11	3
0184	2004	12.25	+0.20	-0.02	1
0185	1367	10.99	+0.21	+0.11	1
0185	2004	11.07	+0.23	+0.16	2
0186	1367	13.85	+0.58	+0.10	1
0187	59	13.23	+0.62	+0.11	1
0188	59	13.70	+0.55	+0.06	1
0189	59	12.87	+0.52	+0.06	1
0190	59	10.98	+0.245	+0.15	2
0190	1367	10.92	+0.24	+0.17	3
0190	2004	10.95	+0.23	+0.14	1
0191	1367	13.18	+0.56	+0.05	1
0192	59	12.81	+0.77	+0.28	1
0192	695	12.80	+0.73	+0.32	1
0192	700	12.79	+0.758	+0.322	1
0192	1367	12.80	+0.75	+0.29	2
0193	59	12.26	+1.015	+0.80	2
0193	100	12.28	+0.99	+0.76	1
0193	2004	12.25	+1.03	+0.65	2
0194	59	13.60	+0.59	+0.06	1
0195	59	12.70	+0.695	+0.205	3
0195	695	12.69	+0.70	+0.23	1
0196	1367	14.44	+0.62	+0.18	1
0197	1367	13.93	+0.57	+0.08	1
0198	1367	13.69	+0.56	+0.04	1
0199	59	13.22	+0.60	+0.06	1
0200	59	10.98	+0.80	+0.36	2
0202	59	12.60	+0.80	+0.10	1
0203	1367	13.00	+0.59	+0.10	1
0204	1367	13.93	+0.34	2.00	1
0205	591	13.31	+0.53	+0.01	1
0207	1367	12.34	+0.42	+0.12	1
0207	2004	12.32	+0.36	+0.01	1
0209	59	13.74	+0.655	+0.14	2
0210	59	12.26	+0.59	+0.075	4
0210	700	12.27	+0.560	+0.083	1
0210	1367	12.27	+0.56	+0.10	2
0210	2004	12.20	+0.56	+0.01	1
0211	59	13.80	+0.61	+0.06	1
0213	59	13.78	+0.59	+0.09	2
0214	59	13.83	+0.59	+0.07	1
0215	59	12.79	+0.60	+0.09	1
0216	59	12.73	+0.57	+0.08	2
0216	752	12.712	+0.554		2
0217	59	11.32	+1.085	+0.91	2
0217	100	11.26	+1.08	+0.96	1
0217	591	11.24	+0.97	+0.88	1
0217	1367	11.27	+1.08	+0.94	3
0217	2004	11.23	+1.09	+0.90	2
0218	59	11.68	+1.055	+0.85	2
0218	1367	11.62	+1.06	+0.89	3
0218	2004	11.63	+1.07	+0.88	2
0219	59	12.54	+0.59	+0.11	1
0219	1367	11.30	+0.63	+0.13	1
0220	1367	14.04	+0.60	+0.05	1
0221	59	12.37	+0.575	-0.035	2
0221	752	12.416	+0.560		2
0222	1367	13.59	+0.58	+0.05	1
0223	59	10.58	+1.10	+0.975	2
0223	308	10.54	+1.11		3
0223	1367	10.61	+1.13	+0.93	1
0223	2004	10.52	+1.14	+0.95	1
0223	2037	10.522	+1.116		13
0224	59	10.76	+1.13	+1.09	2
0224	308	10.78	+1.10		3
0224	318	10.78	+1.11		1
0224	700	10.78	+1.112		1
0224	752	10.755	+1.097		2
0224	1367	10.78	+1.14	+1.11	4
0224	2004	10.76	+1.14	+1.07	3
0225	59	13.08	+0.55	+0.04	2
0225	1367	13.10	+0.54	+0.02	1
0226	59	12.77	+0.755	+0.255	2
0226	700	12.75	+0.744	+0.290	1
0226	1367	12.78	+0.71	+0.30	3
0227	59	12.97	+0.915	+0.57	2
0227	695	12.96	+0.89	+0.62	1
0227	700	13.00	+0.910	+0.604	1
0228	59	13.24	+0.57	+0.07	1
0229	59	13.40	+0.54	+0.06	1
0230	1367	13.54	+0.56	+0.05	1
0231	59	11.50	+1.05	+0.88	2
0231	100	11.49	+1.06	+0.87	1
0231	308	11.51	+1.05		3
0231	752	11.497	+1.023		2
0231	1367	11.51	+1.06	+0.90	6
0231	2004	11.48	+1.06	+0.90	3
0232	1367	13.54	+0.55	+0.05	1
0233	59	13.42	+0.55	+0.06	1
0233	752	13.386	+0.553		1
0235	59	13.41	+0.58	+0.04	2
0236	59	12.54	+0.675	+0.15	2
0236	695	12.53	+0.66	+0.17	1
0236	700	12.54	+0.646	+0.194	2
0236	1367	12.55	+0.64	+0.16	3
0237	1367	12.90	+0.92	+0.64	1
0238	59	10.57	+0.27	+0.11	1
0238	1367	10.90	+0.22	+0.20	3
0238	2004	10.87	+0.20	+0.16	3
0240	1367	12.00	+0.99	+0.79	1
0240	2004	11.98	+0.99	+1.06	2
0241	59	12.68	+0.595	+0.09	2
0241	1367	12.68	+0.58	+0.12	4
0242	59	7.85	+1.12	+0.99	1
0243	59	12.61	+0.61	+0.075	2
0243	1367	12.62	+0.60	+0.09	1
0244	59	10.78	+0.94	+0.67	2
0244	308	10.76	+0.94		3
0244	318	10.77	+0.93		1
0244	700	10.76	+0.939	+0.665	2
0244	1367	10.75	+0.95	+0.67	5
0244	2004	10.71	+0.93	+0.65	3
0246	1367	12.83	+0.41	+0.10	1
0248	1367	12.78	+0.56	+0.07	1
0249	1367	13.48	+0.55	+0.10	1
0252	1367	12.68	+0.58	+0.06	1
0253	1367	13.89	+0.61	+0.08	1
0255	59	12.72	+0.56	+0.04	1
0256	1367	12.68	+0.57	+0.07	1
0259	59	13.92	+0.695	+0.185	2
0260	1367	14.02	+0.60	+0.10	1
0262	59	12.94	+1.01	+0.73	1
0263	59	14.00	+0.605	+0.11	2
0263	1367	13.98	+0.61	+0.07	3
0264	1367	13.78	+0.57	+0.06	1
0265	59	12.50	+0.60	+0.04	2
0266	59	10.55	+1.105	+0.945	2
0266	308	10.50	+1.10		3
0266	1367	10.48	+1.11	+0.97	2
0266	2004	10.55	+1.03	+1.17	1
0266	2037	10.491	+1.112		14
0267	59	12.83	+0.595	+0.095	2
0268	59	12.38	+0.59	+0.08	1
0270	1367	13.94	+0.63	+0.09	1
0272	1367	12.63	+0.64	+0.14	1
0273	1367	13.43	+0.56	+0.03	1
0279	1367	14.03	+0.61	+0.06	2
0280	59	10.70	+0.11	+0.09	2
0280	700	10.68	+0.114	+0.104	1
0280	1367	10.66	+0.12	+0.14	3
0280	2004	10.64	+0.12	+0.14	1
0282	1367	13.43	+0.46	+0.05	1
0284	1367	13.49	+0.54	+0.00	1
0286	318	10.45	+1.08	+0.99	2
0286	1367	12.75	+0.53	+0.03	1
0286	2004	10.41	+1.11	+1.02	1
0287	1367	12.76	+0.54	+0.08	1
0288	1367	13.21	+0.56	+0.05	1
0289	1367	12.62	+0.56	+0.09	1
0290	1367	13.73	+0.55	+0.04	1
0291	1367	12.50	+0.94	+0.72	1
0292	1367	14.12	+0.59	+0.06	2
0293	1367	13.69	+0.56	+0.06	1
0294	1367	13.69	+0.58	+0.04	2
0296	59	16.19	+0.66	+0.17	1
0297	59	15.75	+0.85	+0.51	2
0298	59	15.64	+0.89	+0.53	1
0299	59	16.05	+1.07	+0.83	2
0300	59	15.83	+1.08	+0.76	1
0301	1367	13.79	+0.57	+0.08	2
0302	1367	13.74	+0.59	+0.07	1
0303	1367	12.67	+0.70	+0.27	1
0305	318	11.24	+1.10	+0.95	1
0305	1367	11.24	+1.07	+0.97	1
0317	1367	12.63	+0.60	+0.13	2
0319	1367	15.13	+0.69	+0.55	1
0321	1367	12.95	+0.55	+0.06	1
0325	1367	14.17	+0.63	+0.08	2
0333	1367	13.42	+0.57	+0.05	1
0598	59	14.91	+0.78	+0.26	1
0602	59	14.76	+0.48	-0.02	1
0659	59	14.83	+0.69	+0.16	1
0663	59	14.89	+0.725	+0.215	2
0682	59	15.23	+0.84	+0.30	1
1004	59	15.71	+0.93	+0.58	2
1013	59	15.20	+0.79	+0.27	2
1016	59	16.38	+1.00	+0.70	2
1018	59	15.08	+0.92	+0.54	2
1019	59	14.55	+0.70	+0.22	2
1021	59	15.87	+0.78	+0.29	2
1022	1367	15.37	+0.92	+0.37	2
1023	59	16.19	+0.80	+0.30	2
1026	59	14.96	+0.76	+0.33	4
1028	59	16.64	+1.00	+0.70	1
1035	59	16.25	+1.09	+0.92	1
1042	59	14.60	+0.72	+0.18	1
1043	59	16.33	+1.19	+0.70	1
1046	59	14.41	+0.74	+0.17	1
1046	1367	14.47	+0.81	+0.17	2
1047	1367	14.63	+0.82	+0.49	2
1054	1367	14.11	+0.67	+0.13	1
1058	1367	14.69	+0.78	+0.24	1
1061	59	14.54	+0.73	+0.16	1
1061	1367	14.46	+0.73	+0.19	1
1063	59	15.70	+0.82	+0.63	1
1064	59	16.43	+1.35		1
1065	59	14.55	+0.57	-0.06	1
1078	1367	15.38	+0.83	+0.58	3
1081	1367	14.64	+0.84	+0.43	2
1151	1367	14.54	+0.68	+0.18	1
1155	1367	14.44	+0.65	+0.10	2
1157	1367	14.53	+0.72	+0.17	2
1160	59	14.46	+0.67	+0.10	1
1161	1367	14.72	+0.75	+0.23	1
1170	1367	14.90	+0.80	+0.32	1
1172	1367	14.59	+0.65	+0.18	3
1173	1367	15.15	+0.88	+0.31	1
1176	1367	14.05	+0.66	+0.23	1
2001	59	13.83	+0.635	+0.12	2
2047	1367	15.58	+0.92	+0.52	1
2048	1367	14.39	+0.68	+0.11	2
2054	59	12.91	+0.48	-0.05	1
2057	59	12.94	+0.99	+0.68	1
2071	1367	14.94	+0.74	+0.30	2
2074	1367	14.83	+0.78	+0.38	1
2099	1367	14.15	+0.69	+0.29	1
2111	1367	14.50	+0.63	+0.11	1
2113	1367	14.15	+0.61	+0.15	1
2121	1367	13.74	+0.60	+0.02	2
2132	1367	14.94	+0.79	+0.26	2
2134	1367	14.56	+0.92	+0.47	2
2141	1367	14.25	+0.62	+0.09	1
2152	318	10.92	+1.11	+1.15	2
2152	2004	10.91	+1.13	+1.15	2
3035	59	12.16	+1.02	+0.81	2
3035	100	12.14	+1.01	+0.78	3
3035	591	12.11	+0.92	+0.75	1
3035	700	12.17	+1.007		1
3035	1367	12.14	+1.04	+0.81	3
3035	2004	12.12	+1.00	+0.78	2
3053	100	12.51	+0.67	+0.18	2
3058	1367	14.37	+0.68	+0.12	3
3061	1367	15.36	+0.86	+0.27	1
3072	1367	14.50	+0.77	+0.49	1
3077	1367	14.00	+0.56	+0.06	1
3137	1367	14.34	+0.61	+0.19	1
3145	1367	14.20	+0.72	+0.28	2
3150	1367	14.48	+0.64	+0.19	2
4004	59	12.72	+0.58	+0.01	3
4006	59	13.30	+0.47	-0.015	2
4018	59	13.07	+0.855	+0.47	2
4018	695	13.02	+0.87	+0.51	1
4026	59	13.34	+0.57	+0.06	2
4044	1367	14.26	+0.63	+0.05	2
4049	1367	15.05	+0.76	+0.30	2
4058	1367	14.81	+0.76	+0.20	1
4063	1367	14.64	+0.70	+0.23	1
4070	1367	14.43	+0.73	+0.28	1
4078	1367	14.75	+0.80	+0.24	1
4088	1367	14.88	+0.77	+0.29	2
4090	1367	14.49	+0.67	+0.13	2
4091	1367	14.59	+0.66	+0.16	2
4093	1367	15.28	+0.77	+0.29	3
4094	1367	14.26	+0.61	+0.05	2
4097	1367	14.13	+0.60	+0.09	1
4099	1367	14.78	+0.72	+0.19	2
4143	1367	14.37	+0.59	+0.12	2
4146	1367	14.58	+0.63	+0.15	2
4169	318	9.97	+1.06	+0.91	2
4169	1367	9.97	+1.09	+0.95	1
4169	1387	9.98	+1.06	+0.94	3
4169	2004	9.95	+1.09	+0.92	3
4178	1367	14.43	+0.77	+0.38	2
4179	1367	15.20	+0.66	+0.07	2
4183	1367	14.91	+0.73	+0.29	2
4189	1367	15.36	+0.79	+0.60	3
4190	1367	14.76	+0.80	+0.20	2
4192	1367	15.03	+0.72	+0.40	1
4198	1367	14.52	+0.68	+0.15	2
4202	318	8.87	+1.55	+1.96	3
4202	1367	8.87	+1.54	+1.96	5
4202	1387	8.81	+1.58	+1.93	3
4202	2004	8.85	+1.58	+1.98	3
5039	1367	14.44	+0.65	+0.10	2
5183	1367	13.41	+0.56	+0.05	1
5217	1367	15.03	+0.84	+0.34	2
5258	1387	9.50	+1.36	+1.51	3
5279	1367	14.97	+0.81	+0.39	1
5713	1367	15.78	+0.63	+0.12	2
5780	1367	15.05	+0.74	+0.24	2
5808	1367	13.63	+0.99	+0.59	2
5850	1367	12.72	+0.57	+0.08	1
5908	1367	14.68	+0.67	+0.16	1
6135	1387	9.36	+1.47	+1.72	3
6321	1367	15.40	+0.85	+0.36	1
6461	1367	15.84	+0.65	+0.15	2
6469	318	9.51	+1.34	+1.57	1
6470	318	9.82	+1.31	+1.48	2
6470	1367	9.93	+1.30	+1.48	4
6470	2004	9.79	+1.35	+1.46	1
6474	318	10.52	+1.19	+1.30	1
6474	1367	10.54	+1.22	+1.30	2
6474	2004	10.51	+1.18	+1.35	3
6495	318	9.37	+1.48	+1.77	1
6513	318	10.00	+1.19	+1.24	1
6513	1367	10.14	+1.27	+1.20	2
6513	2004	10.02	+1.20	+1.21	1
6514	318	8.76	+1.62	+2.04	2
6514	1367	8.80	+1.65	+1.94	1
6514	2004	8.83	+1.64	+1.95	4
6515	318	10.10	+1.26	+1.46	2
6515	1367	10.19	+1.29	+1.42	1
6515	2004	10.08	+1.32	+1.45	3
7008	1367	14.87	+0.71	+0.16	4
7015	1367	13.15	+0.61	+0.11	3
7044	1367	14.97	+0.76	+0.34	3
7051	1367	14.52	+0.83	+0.52	2
7060	1367	15.66	+0.64	+0.00	3
7061	1367	14.85	+0.64	+0.03	2
7063	1367	15.82	+0.78	+0.36	3
7080	1367	12.75	+0.53	+0.01	3
7103	1367	15.69	+0.67	+0.06	3
7110	1367	14.75	+0.72	+0.22	2
7135	1367	13.78	+0.60	+0.01	2
7144	1367	14.17	+0.88	+0.45	2
7145	1367	12.90	+0.44	-0.01	2
7151	1367	14.79	+0.82	+0.42	2
7157	1367	13.72	+0.59	+0.07	2
7215	1367	14.38	+0.66	+0.02	2
7218	1367	13.27	+0.73	+0.35	2
7225	1367	14.43	+0.49	-0.01	2
7243	1367	15.50	+0.89	+0.46	3
7251	1367	12.57	+0.67	+0.15	2
7252	1367	14.39	+0.63	+0.16	2
7255	1367	14.80	+0.64	+0.19	2
7272	1367	14.82	+0.99	+0.77	2
7277	1367	12.28	+0.52	+0.07	4
7277	2004	12.15	+0.53	+0.10	3
7281	1367	13.26	+0.65	+0.12	5
7299	1367	16.27	+0.70	+0.14	2
7341	1367	13.20	+0.59	+0.07	2
7343	1367	13.53	+0.53	+0.06	2
7362	1367	15.82	+0.98	+0.98	2
7368	1367	12.72	+0.57	+0.08	2
7395	1367	13.36	+0.57	+0.07	2
7396	1367	14.46	+0.70	+0.13	2
7434	1367	12.54	+0.63	+0.16	5
7445	1367	12.74	+0.56	+0.08	2
7465	1367	14.19	+0.60	+0.07	4
7469	1367	14.56	+0.62	+0.25	1
7471	1367	13.58	+0.60	+0.12	2
7473	1367	14.22	+0.64	+0.10	2
7489	1367	12.88	+0.53	+0.07	3
7499	1367	13.51	+0.55	+0.09	4
7505	1367	13.99	+0.61	+0.14	1
7513	1367	15.46	+0.63	+0.19	1
7520	1367	14.17	+0.63	+0.06	1
7530	1367	14.21	+0.95	+0.75	1
7622	1367	14.48	+0.66	+0.13	2
7625	1367	14.65	+0.83	+0.44	2
7626	1367	15.30	+0.84	+0.37	2
7640	1367	15.05	+0.72	+0.38	3
7646	1367	15.38	+0.47	-0.02	2
7647	1367	13.84	+0.58	+0.06	1
7648	1367	13.35	+0.57	+0.03	1
7650	1367	13.88	+0.61	+0.06	2
7655	1367	13.65	+0.58	+0.02	1
7656	1367	13.15	+0.57	+0.07	1
7657	1367	12.60	+0.61	+0.11	1
7666	1367	14.19	+0.62	+0.12	2
7674	1367	12.69	+0.54	+0.03	1
7704	1367	13.54	+0.56	+0.06	1
7711	1367	13.37	+0.58	+0.02	1
7769	1367	13.43	+0.76	+0.09	1
7844	1367	13.64	+0.54	+0.03	1
7848	1367	13.96	+0.62	+0.06	3
7853	1367	13.29	+0.59	+0.10	1
7856	1367	13.34	+0.50	+0.02	1
7859	1367	12.67	+0.66	+0.19	1
7868	1367	13.63	+0.54	+0.04	1
7871	1367	12.62	+0.60	+0.12	1
7875	1367	16.02	+0.73	-0.12	3
7882	1367	14.71	+0.80	-0.07	1
7903	1367	13.16	+0.55	+0.05	1
7905	1367	13.28	+0.55	+0.00	1
7911	1367	14.05	+0.83	+0.39	3
7912	1367	13.25	+0.55	+0.08	1
7913	1367	13.86	+0.56	+0.05	1
7914	1367	13.16	+0.57	+0.08	1
7926	1367	12.71	+0.55	+0.06	1
7927	1367	13.31	+0.54	+0.03	1
7928	1367	14.79	+0.65	+0.30	2
8130	1367	14.38	+0.66	+0.16	1
8155	1367	14.62	+0.64	+0.18	1
8165	1367	12.80	+0.51	+0.03	1
8168	1367	13.11	+0.56	+0.05	1
8172	1367	14.63	+0.65	+0.25	1
8176	1367	15.66	+0.85	+0.34	1
8181	1367	13.19	+0.57	+0.08	1
8348	1367	13.70	+0.56	+0.04	1
8356	1367	12.94	+0.91	+0.61	1
8359	1367	10.49	+1.09	+0.96	1
8388	1367	14.61	+0.65	+0.18	1
8389	1367	13.24	+0.56	+0.02	1
8394	1367	13.20	+0.58	+0.03	1
8397	1367	13.21	+0.54	+0.04	1
8400	1367	13.74	+0.56	+0.03	1
8402	1367	11.39	+1.16	+1.25	1
8488	1367	15.72	+0.92	+0.63	2
8492	1367	14.51	+0.91	+0.52	1
8501	1367	14.66	+0.69	+0.07	1
8503	1367	12.96	+0.54	+0.05	1
8505	1367	14.19	+0.65	+0.11	1
8508	1367	12.78	+0.57	+0.08	1
8515	1367	14.15	+0.63	+0.09	1
8516	1367	13.71	+0.56	+0.03	1
8519	1367	14.19	+0.62	+0.09	1
8524	1367	13.00	+0.81	+0.45	1
8547	1367	15.49	+0.72	+0.24	2
8554	1367	13.27	+0.57	+0.06	1
8560	1367	14.47	+0.69	+0.22	2
8564	1367	15.10	+0.75	+0.36	2
8573	1367	14.46	+0.63	+0.17	2
8575	1367	12.81	+0.52	+0.00	1
8604	1367	14.88	+0.72	+0.31	2
8634	1367	13.19	+0.58	+0.06	1
8635	1367	13.25	+0.57	+0.05	2
8639	1367	12.66	+0.58	+0.07	2
8639	2004	12.61	+0.59	+0.10	1
8648	1367	13.72	+0.55	+0.03	2
8676	1367	14.95	+0.89	+0.52	3
8687	1367	13.04	+0.54	+0.03	2
8688	1367	13.89	+0.57	+0.04	3
8698	1367	15.23	+0.76	+0.41	4
8713	1367	12.53	+0.97	+0.80	2
8714	1367	14.66	+0.79	+0.46	2
8720	1367	13.48	+0.56	+0.03	1
8735	1367	15.99	+0.67	+0.07	3
8736	1367	14.87	+0.75	+0.23	3
8792	1367	12.63	+0.60	+0.12	2
8808	1367	12.60	+0.58	+0.10	1
8808	2004	12.58	+0.57	+0.08	1
8816	1367	15.28	+1.51	+1.18	3
8817	1367	13.68	+0.55	+0.00	2
8832	1367	12.76	+0.54	+0.07	1
8863	318	9.55	+0.94	+0.61	1
8872	1367	15.43	+0.62	-0.02	1
8907	318	10.90	+1.43	+1.89	1
8910	1367	15.59	+0.58	-0.01	2
8912	1367	13.02	+0.54	+0.04	1
8936	1367	13.84	+0.62	+0.04	1
8947	1367	13.46	+0.43	-0.09	1
8958	1367	14.42	+0.50	-0.06	1
8962	1367	13.01	+0.55	+0.05	1
8982	1367	14.27	+0.66	+0.19	1
8983	1367	14.39	+0.64	+0.16	1
8993	1367	15.65	+0.60	-0.02	2
8996	1367	15.04	+0.60	+0.10	3
9015	1367	12.56	+0.61	+0.03	1
9021	1367	12.29	+1.17	+1.08	1
