#name    RA		DEC    distSun(kly) distGalCenter(kly)  m_v    angular_diameter
Tuc      6.02362     -72.0813      14.7000      24.1000      3.95000      50.0000
Scl      13.1885     -26.5826      29.0000      39.1000      8.09000      13.0000
Tuc      15.8094     -70.8488      28.0000      30.6000      6.40000      14.0000
Cet      30.7375     -3.25278      98.1000      112.500      15.0300      1.20000
Hor      48.0675     -55.2162      53.1000      59.0000      8.29000      6.80000
Cep      53.3335      79.5811      36.2000      56.1000      13.1800      2.80000
Hor      58.7596     -49.6153      2.00000      406.200      15.7200     0.500000
Eri      66.1854     -21.1869      93.7000      309.700      14.7000      1.00000
Aur      71.5246      31.3815      88.7000      114.100      13.0400      2.20000
Col      78.5282     -40.0466      39.4000      54.1000      7.14000      12.0000
Lep      81.0462     -24.5247      42.1000      61.3000      7.73000      9.60000
Pup      102.248     -36.0053      35.2000      51.5000      9.29000      5.00000
Lyn      114.535      38.8824      69.3000      293.100      10.4100      4.60000
Pyx      136.991     -37.2214      28.4000      135.000      12.9000      4.00000
Car      138.013     -64.8635      31.3000      36.2000      6.20000      14.0000
Cha      140.238     -77.2819      26.4000      29.7000      11.3500      10.0000
Sex      151.383    0.0716667      1.50000      312.000      14.2600      1.60000
Vel      154.403     -46.4125      16.0000      28.7000      6.75000      20.0000
UMa      172.320      28.9736      54.4000      362.500      17.1000      1.30000
Com      182.526      18.5426      62.9000      69.8000      10.3200      4.40000
Mus      186.439     -72.6590      18.9000      23.1000      7.24000      5.00000
Cen      189.667     -51.1503      69.1000      60.3000      10.9000      2.00000
Hya      189.867     -26.7441      33.6000      33.3000      7.84000      11.0000
Mus      194.891     -70.8765      21.5000      22.8000      6.91000      14.0000
Com      198.230      18.1682      58.4000      60.0000      7.61000      13.0000
Com      199.113      17.7003      56.7000      58.0000      9.47000      10.0000
Cen      201.697     -47.4796      17.0000      20.9000      3.68000      55.0000
CVn      205.548      28.3773      33.3000      39.1000      6.19000      18.0000
Cen      206.612     -51.3742      38.1000      29.0000      7.34000      11.0000
Hya      209.090     -27.1675      5.00000      90.6000      15.8800      3.00000
Boo      211.364      28.5344      52.2000      53.1000      9.04000      9.00000
Vir      217.405     -5.97642      82.2000      69.1000      9.47000      5.50000
Hya      219.901     -26.5389      14.1000      95.8000      10.1700      4.30000
Aps      225.077     -82.2137      61.3000      51.2000      9.76000      8.00000
Lup      225.994     -33.0682      4.60000      84.4000      9.09000      7.40000
Ser      229.022    -0.111611      75.6000      60.6000      11.7500      8.00000
Lib      229.352     -21.0103      40.8000      24.1000      8.53000      11.0000
Ser      229.638      2.08103      24.4000      20.2000      5.65000      23.0000
Lup      232.003     -50.6730      25.1000      15.0000      8.01000      6.00000
Nor      233.869     -50.6597      34.6000      18.9000      9.61000      3.00000
Nor      234.781     -50.0527      61.6000      42.1000      14.0000      3.00000
Lup      236.512     -37.7864      33.9000      15.6000      7.52000      9.60000
Her      242.752      14.9578      49.4000      233.400      14.7400      2.20000
Nor      242.765     -55.3178      26.1000      14.0000      10.1800      2.50000
Sco      244.260     -22.9761      32.6000      12.4000      7.33000      10.0000
Sco      245.897     -26.5257      7.20000      19.2000      5.63000      36.0000
Aps      246.450     -72.2022      50.2000      36.5000      9.16000      5.00000
Sco      246.808     -26.0235      29.0000      8.80000      9.01000      7.40000
Sco      246.918     -38.8487      32.9000      11.7000      8.99000      8.20000
Sco      247.167     -35.3535      26.7000      8.10000      12.0000      3.00000
Oph      248.133     -13.0538      20.9000      10.8000      7.93000      13.0000
Sco      249.856     -28.3987      27.1000      6.80000      12.0000      1.20000
Her      250.422      36.4599      23.1000      27.4000      5.78000      20.0000
Her      251.745      47.5277      99.4000      97.1000      9.39000      4.50000
Oph      251.809     -1.94853      15.6000      14.7000      6.70000      16.0000
Ara      253.044     -47.0581      31.9000      12.1000      12.9000     0.800000
Oph      253.355     -22.1774      37.5000      13.7000      9.97000      5.00000
Oph      254.288     -4.10031      14.3000      15.0000      6.60000      20.0000
Sco      254.886     -37.1214      33.6000      9.80000      11.2900      4.10000
Oph      254.962    -0.538889      47.0000      125.200      14.0000      3.00000
Oph      255.303     -30.1137      22.2000      5.50000      6.45000      15.0000
Oph      255.657     -26.2680      28.7000      5.50000      6.77000      17.0000
Oph      256.119     -24.7649      49.9000      24.4000      8.83000      6.20000
Oph      256.288     -22.7084      30.6000      6.80000      9.35000      4.80000
Oph      257.542     -26.5821      31.0000      6.20000      8.22000      8.20000
Oph      258.634     -29.4620      19.2000      7.50000      8.22000      8.00000
Oph      259.155     -28.1401      33.9000      8.50000      8.43000      5.40000
Her      259.281      43.1359      27.1000      31.3000      6.44000      14.0000
Oph      259.497     -23.7660      25.4000      3.60000      10.3300      4.10000
Oph      259.797     -18.5159      25.8000      5.50000      7.72000      12.0000
Oph      260.292     -19.5874      27.7000      5.50000      9.66000      4.40000
Oph      260.896     -17.8130      49.2000      24.4000      8.25000      10.0000
Oph      260.994     -26.3534      30.0000      4.60000      9.14000      4.20000
Ara      261.371     -48.4222      18.3000      10.8000      7.96000      9.00000
Oph      261.785     -7.09306      81.5000      58.4000      13.1000      5.00000
Sco      261.888     -30.8023      24.4000      2.60000      14.2900     0.600000
Oph      261.934     -5.07986      11.4000      16.3000      9.20000      13.0000
Sco      262.663     -31.5955      23.5000      3.30000      16.0000     0.700000
Oph      262.772     -29.9817      26.7000      1.60000      11.5900      1.20000
Ara      262.979     -67.0483      24.8000      16.6000      7.73000      15.0000
Sco      263.617     -39.0692      35.5000      10.8000      11.3100      3.60000
Sco      263.949     -30.4697      21.8000      4.20000      15.9000      2.40000
Sco      264.044     -38.5533      26.7000      4.60000      12.2400      2.20000
Sco      264.072     -44.7355      32.3000      10.1000      6.72000      10.4000
Oph      264.400     -3.24592      30.3000      13.0000      7.59000      11.0000
Oph      264.652     -23.9095      34.6000      8.80000      9.45000      4.80000
Ara      265.175     -53.6743      7.50000      19.6000      5.73000      31.0000
Oph      265.926     -26.2225      18.9000      7.20000      11.5500      1.20000
Oph      266.228      3.17014      67.2000      46.9000      11.0100      4.20000
Sgr      267.020     -24.7792      22.5000      3.90000      13.8500      2.40000
Sgr      267.220     -20.3603      27.7000      4.20000      9.20000      4.40000
Sco      267.554     -37.0514      37.8000      12.7000      7.15000      9.60000
Sco      267.693     -31.2754      22.2000      4.20000      13.8500      1.40000
Sco      267.715     -34.5992      37.8000      12.1000      10.0800      7.60000
Sgr      268.613     -24.1453      25.4000      2.30000      17.2900      2.00000
Sco      269.765     -44.2659      36.8000      13.7000      8.54000      5.60000
Sgr      270.412     -26.8397      23.1000      3.60000      16.0000     0.200000
Sgr      270.455     -27.8258      20.5000      5.90000      9.90000      9.90000
Oph      270.461     -8.95878      34.6000      13.7000      10.2300      4.00000
Sgr      270.892     -30.0340      25.1000      2.00000      8.27000      9.40000
Sgr      270.902     -26.0725      18.9000      7.50000      14.9000      1.50000
Ser      270.960    -0.297639      22.2000      12.7000      10.4700      3.40000
Sgr      271.207     -30.0563      25.8000      2.00000      9.60000      5.00000
Ser      271.207     -7.58586      25.4000      9.80000      9.33000      7.90000
Sgr      271.536     -27.7653      17.3000      9.10000      9.30000      1.50000
Sgr      271.836     -24.9973      9.80000      16.6000      7.77000      9.20000
CrA      272.010     -43.7149      24.4000      6.80000      6.30000      15.0000
Sgr      272.091     -19.8297      11.7000      14.7000      27.7400      3.30000
Ara      272.275     -46.4231      69.8000      45.6000      12.0000      1.50000
Sgr      272.323     -25.9087      19.6000      7.20000      8.06000      9.20000
Sgr      272.402     -20.7789      16.0000      10.4000      24.6000      1.90000
Sgr      272.573     -31.7639      24.1000      3.30000      9.26000      4.20000
Ser      272.684     -7.20761      17.6000      12.1000      10.3400      8.00000
Sgr      273.066     -22.7419      15.6000      11.1000      15.6300      1.00000
Sgr      273.412     -31.8269      35.5000      10.1000      8.55000      6.40000
Sgr      273.527     -28.6350      21.2000      5.50000      11.0000      1.30000
Tel      274.657     -52.2158      44.0000      22.8000      8.27000      6.60000
Sgr      275.919     -30.3610      25.8000      3.90000      7.87000      8.80000
Sgr      276.137     -24.8698      17.9000      8.80000      6.79000      11.2000
Sgr      277.734     -25.4975      30.6000      7.20000      9.02000      7.30000
Sgr      277.846     -32.3481      28.7000      5.50000      7.64000      9.80000
Sgr      277.975     -23.4752      26.4000      5.50000      9.13000      5.80000
Sgr      278.940     -32.9907      32.6000      8.80000      8.62000      6.00000
Sgr      279.100     -23.9047      10.4000      16.0000      5.10000      32.0000
Sgr      280.375     -19.8258      41.7000      17.9000      11.0200      5.20000
Sgr      280.803     -32.2921      29.3000      7.20000      7.87000      8.00000
Sct      283.268     -8.70611      22.5000      11.4000      8.10000      9.80000
Sgr      283.764     -30.4799      86.4000      61.6000      7.60000      12.0000
Sgr      283.775     -22.7015      23.1000      7.80000      9.28000      5.40000
Sgr      284.888     -36.6322      28.4000      8.50000      7.01000      13.0000
Aql      286.314      1.90083      25.8000      16.3000      12.4400      4.00000
Pav      287.717     -59.9846      13.0000      17.0000      5.40000      29.0000
Aql      287.800      1.03047      24.1000      15.6000      8.88000      9.60000
Lyr      289.148      30.1835      30.6000      30.0000      8.27000      8.80000
Sgr      289.433     -34.6577      74.3000      50.9000      12.0000      1.20000
Sge      289.509      18.5717      19.2000      20.9000      13.2200      4.00000
Sgr      292.184     -30.3556      93.2000      69.8000      12.3000      2.30000
Sgr      294.999     -30.9648      17.6000      12.7000      6.32000      19.0000
Sgr      295.435     -33.9995      85.7000      63.2000      12.4000      3.50000
Aql      296.310     -8.00722      43.7000      26.7000      9.80000      10.0000
Sge      298.444      18.7792      13.0000      21.8000      8.19000      7.20000
Sgr      301.520     -21.9212      68.1000      47.9000      8.52000      6.80000
Del      308.547      7.40447      50.9000      41.7000      8.83000      7.10000
Aqr      313.365     -12.5373      55.4000      42.1000      9.27000      6.60000
Del      315.372      16.1873      34.3000      125.500      10.5600      3.60000
Peg      322.493      12.1670      33.9000      33.9000      6.20000      18.0000
Aqr      323.363    -0.823250      37.5000      33.9000      6.47000      16.0000
Cap      325.092     -23.1799      26.4000      23.1000      7.19000      12.0000
Cap      326.662     -21.2526      61.9000      51.5000      11.9900      2.90000
Peg      346.685      12.7720      84.8000      87.7000      13.4700     0.700000
Aqr      347.111     -15.6115      85.7000      82.5000      11.2900      4.20000
