#title: Spectral profile - forciera.image.pbcor-raster
#region (world): Ellipse[[17:45:40.217, -29d00m31.072], [17:45:40.182, -29d00m30.642]]
#region (pixel): Ellipse[[69, 56], [81, 66]]
#coordinate: world
#xLabel: radio velocity [km/s]
#yLabel: [Jy/beam] Mean

# forciera.image.pbcor-raster
-4.000000000000e+02 4.556352354934e-03
-3.970000000000e+02 5.342849985217e-03
-3.940000000000e+02 4.977939842152e-03
-3.910000000000e+02 5.056090595071e-03
-3.880000000000e+02 4.939759012244e-03
-3.850000000000e+02 4.809734096095e-03
-3.820000000000e+02 4.918187375020e-03
-3.790000000000e+02 4.720455393887e-03
-3.760000000000e+02 4.711443648006e-03
-3.730000000000e+02 4.775547731251e-03
-3.700000000000e+02 4.865546934440e-03
-3.670000000000e+02 5.090221646802e-03
-3.640000000000e+02 4.871594660404e-03
-3.610000000000e+02 5.193981894192e-03
-3.580000000000e+02 5.356001631502e-03
-3.550000000000e+02 4.481459353635e-03
-3.520000000000e+02 4.723515258077e-03
-3.490000000000e+02 4.839636555707e-03
-3.460000000000e+02 5.302606357665e-03
-3.430000000000e+02 4.919344182021e-03
-3.400000000000e+02 5.068737747619e-03
-3.370000000000e+02 4.871973269126e-03
-3.340000000000e+02 5.219023952419e-03
-3.310000000000e+02 4.482537959339e-03
-3.280000000000e+02 5.222088108143e-03
-3.250000000000e+02 4.813349952438e-03
-3.220000000000e+02 4.983625171860e-03
-3.190000000000e+02 4.621676187688e-03
-3.160000000000e+02 5.379975097607e-03
-3.130000000000e+02 4.924369092232e-03
-3.100000000000e+02 5.047891856583e-03
-3.070000000000e+02 4.781685579443e-03
-3.040000000000e+02 5.295509589902e-03
-3.010000000000e+02 5.484686158336e-03
-2.980000000000e+02 5.129819159974e-03
-2.950000000000e+02 4.762490975565e-03
-2.920000000000e+02 4.668061001293e-03
-2.890000000000e+02 5.203031787048e-03
-2.860000000000e+02 5.100957159092e-03
-2.830000000000e+02 5.290406955230e-03
-2.800000000000e+02 4.943065878094e-03
-2.770000000000e+02 5.450419208008e-03
-2.740000000000e+02 5.311227573895e-03
-2.710000000000e+02 5.042274714593e-03
-2.680000000000e+02 4.935944314798e-03
-2.650000000000e+02 5.185527570976e-03
-2.620000000000e+02 4.457600805292e-03
-2.590000000000e+02 5.338548913846e-03
-2.560000000000e+02 5.136335140050e-03
-2.530000000000e+02 4.313181128327e-03
-2.500000000000e+02 4.940192457242e-03
-2.470000000000e+02 5.085109475386e-03
-2.440000000000e+02 5.305546058885e-03
-2.410000000000e+02 4.760321366392e-03
-2.380000000000e+02 4.920805211143e-03
-2.350000000000e+02 4.963354346464e-03
-2.320000000000e+02 5.105305914181e-03
-2.290000000000e+02 5.236499558260e-03
-2.260000000000e+02 6.140154653367e-03
-2.230000000000e+02 5.133579497982e-03
-2.200000000000e+02 6.376696412649e-03
-2.170000000000e+02 6.378780191129e-03
-2.140000000000e+02 6.047252942258e-03
-2.110000000000e+02 5.772043025470e-03
-2.080000000000e+02 5.504366182464e-03
-2.050000000000e+02 5.365389601919e-03
-2.020000000000e+02 4.919642205259e-03
-1.990000000000e+02 4.825006714161e-03
-1.960000000000e+02 4.854694120204e-03
-1.930000000000e+02 4.894710773258e-03
-1.900000000000e+02 4.214491090681e-03
-1.870000000000e+02 4.624503832170e-03
-1.840000000000e+02 4.641939860525e-03
-1.810000000000e+02 5.178134687324e-03
-1.780000000000e+02 4.828627338875e-03
-1.750000000000e+02 4.421025963009e-03
-1.720000000000e+02 4.886406176916e-03
-1.690000000000e+02 4.942670103233e-03
-1.660000000000e+02 5.295207275129e-03
-1.630000000000e+02 5.201369532635e-03
-1.600000000000e+02 4.991099594669e-03
-1.570000000000e+02 5.072091343511e-03
-1.540000000000e+02 5.060323955562e-03
-1.510000000000e+02 4.931987996708e-03
-1.480000000000e+02 5.340131536449e-03
-1.450000000000e+02 4.727368579335e-03
-1.420000000000e+02 4.719285235446e-03
-1.390000000000e+02 5.041565180868e-03
-1.360000000000e+02 5.081343892169e-03
-1.330000000000e+02 5.774218356689e-03
-1.300000000000e+02 6.974187705371e-03
-1.270000000000e+02 7.862835780722e-03
-1.240000000000e+02 8.653095656361e-03
-1.210000000000e+02 9.533674692938e-03
-1.180000000000e+02 1.185728129439e-02
-1.150000000000e+02 1.377484291654e-02
-1.120000000000e+02 1.614651184480e-02
-1.090000000000e+02 1.801179208476e-02
-1.060000000000e+02 1.940232941277e-02
-1.030000000000e+02 2.120168405146e-02
-1.000000000000e+02 2.206918821254e-02
-9.700000000000e+01 2.234309302596e-02
-9.400000000000e+01 2.123046403635e-02
-9.100000000000e+01 2.005796527765e-02
-8.800000000000e+01 1.832808009417e-02
-8.500000000000e+01 1.665952952358e-02
-8.200000000000e+01 1.457539818375e-02
-7.900000000000e+01 1.290048565150e-02
-7.600000000000e+01 1.089785627629e-02
-7.300000000000e+01 9.445700140419e-03
-7.000000000000e+01 8.165926367475e-03
-6.700000000000e+01 7.091579297251e-03
-6.400000000000e+01 7.175140721660e-03
-6.100000000000e+01 6.436331100997e-03
-5.800000000000e+01 5.836162844342e-03
-5.500000000000e+01 6.019529628564e-03
-5.200000000000e+01 5.704334529975e-03
-4.900000000000e+01 5.639048844195e-03
-4.600000000000e+01 5.186822183922e-03
-4.300000000000e+01 5.532933021132e-03
-4.000000000000e+01 6.043095398879e-03
-3.700000000000e+01 5.949015899934e-03
-3.400000000000e+01 6.158807570207e-03
-3.100000000000e+01 5.271544706867e-03
-2.800000000000e+01 5.541144157386e-03
-2.500000000000e+01 5.748864446946e-03
-2.200000000000e+01 5.787087238525e-03
-1.900000000000e+01 5.386949318214e-03
-1.600000000000e+01 5.442281981517e-03
-1.300000000000e+01 5.596130160058e-03
-1.000000000000e+01 5.551640297411e-03
-7.000000000000e+00 5.304115547342e-03
-4.000000000000e+00 4.997452496430e-03
-1.000000000000e+00 4.882442229432e-03
2.000000000000e+00 5.531980300444e-03
5.000000000000e+00 4.823266735288e-03
8.000000000000e+00 4.613116006617e-03
1.100000000000e+01 4.366653172951e-03
1.400000000000e+01 4.667114002651e-03
1.700000000000e+01 4.765012013740e-03
2.000000000000e+01 4.882140868333e-03
2.300000000000e+01 4.713311896081e-03
2.600000000000e+01 4.416708202336e-03
2.900000000000e+01 5.235541592364e-03
3.200000000000e+01 4.750940548534e-03
3.500000000000e+01 4.741012798428e-03
3.800000000000e+01 4.649617415974e-03
4.100000000000e+01 5.190280683995e-03
4.400000000000e+01 5.230338345046e-03
4.700000000000e+01 4.636799555716e-03
5.000000000000e+01 4.547462202535e-03
5.300000000000e+01 4.168652255648e-03
5.600000000000e+01 4.472853873033e-03
5.900000000000e+01 4.253330909572e-03
6.200000000000e+01 4.959585902224e-03
6.500000000000e+01 4.658678276085e-03
6.800000000000e+01 4.488458846613e-03
7.100000000000e+01 4.347718445336e-03
7.400000000000e+01 4.635202627997e-03
7.700000000000e+01 4.727427230309e-03
8.000000000000e+01 4.635939341442e-03
8.300000000000e+01 4.306557859885e-03
8.600000000000e+01 4.098921970506e-03
8.900000000000e+01 4.777931917156e-03
9.200000000000e+01 4.442398759129e-03
9.500000000000e+01 4.213503084042e-03
9.800000000000e+01 3.937499710184e-03
1.010000000000e+02 4.639896613206e-03
1.040000000000e+02 4.166238505839e-03
1.070000000000e+02 4.703194364778e-03
1.100000000000e+02 4.609546880319e-03
1.130000000000e+02 4.940072294272e-03
1.160000000000e+02 4.917299027352e-03
1.190000000000e+02 4.446526738603e-03
1.220000000000e+02 3.978191564686e-03
1.250000000000e+02 4.337443557763e-03
1.280000000000e+02 4.394714564206e-03
1.310000000000e+02 4.011451434888e-03
1.340000000000e+02 4.220589361386e-03
1.370000000000e+02 3.672003920444e-03
1.400000000000e+02 4.148850638039e-03
1.430000000000e+02 4.224300108328e-03
1.460000000000e+02 3.796822012996e-03
1.490000000000e+02 3.552420069625e-03
1.520000000000e+02 4.521580910870e-03
1.550000000000e+02 3.856848899926e-03
1.580000000000e+02 3.515555787173e-03
1.610000000000e+02 4.395694464613e-03
1.640000000000e+02 3.860942547124e-03
1.670000000000e+02 4.176888664273e-03
1.700000000000e+02 4.800656069846e-03
1.730000000000e+02 4.629060488271e-03
1.760000000000e+02 5.242940198062e-03
1.790000000000e+02 4.185014923509e-03
1.820000000000e+02 4.854588262349e-03
1.850000000000e+02 4.913195366573e-03
1.880000000000e+02 4.778640020369e-03
1.910000000000e+02 4.155269820167e-03
1.940000000000e+02 4.564391352966e-03
1.970000000000e+02 4.961242434590e-03
2.000000000000e+02 4.098561958435e-03
2.030000000000e+02 4.811238517401e-03
2.060000000000e+02 5.022286176809e-03
2.090000000000e+02 5.406254548318e-03
2.120000000000e+02 5.079459431630e-03
2.150000000000e+02 5.376356857078e-03
2.180000000000e+02 4.761029469606e-03
2.210000000000e+02 4.931507821667e-03
2.240000000000e+02 5.092273477191e-03
2.270000000000e+02 5.097712758913e-03
2.300000000000e+02 5.256594907573e-03
2.330000000000e+02 4.282152856132e-03
2.360000000000e+02 5.055923702058e-03
2.390000000000e+02 4.790835131269e-03
2.420000000000e+02 5.390181797463e-03
2.450000000000e+02 5.164970166435e-03
2.480000000000e+02 5.290635360239e-03
2.510000000000e+02 4.896319145069e-03
2.540000000000e+02 5.453674575442e-03
2.570000000000e+02 5.413347978220e-03
2.600000000000e+02 5.457269927786e-03
2.630000000000e+02 4.765718686442e-03
2.660000000000e+02 4.808423747522e-03
2.690000000000e+02 5.054142238350e-03
2.720000000000e+02 5.130002742289e-03
2.750000000000e+02 4.638493758219e-03
2.780000000000e+02 4.965755221670e-03
2.810000000000e+02 4.552223898623e-03
2.840000000000e+02 4.716411814594e-03
2.870000000000e+02 4.815227260419e-03
2.900000000000e+02 5.470559856853e-03
2.930000000000e+02 4.995967625449e-03
2.960000000000e+02 4.963231322472e-03
2.990000000000e+02 5.388965385814e-03
3.020000000000e+02 5.518071436716e-03
3.050000000000e+02 4.977475402738e-03
3.080000000000e+02 5.247704278336e-03
3.110000000000e+02 4.977414367579e-03
3.140000000000e+02 5.526974463720e-03
3.170000000000e+02 5.233481178905e-03
3.200000000000e+02 5.984669969620e-03
3.230000000000e+02 5.211895713403e-03
3.260000000000e+02 4.472254965533e-03
3.290000000000e+02 5.308051838270e-03
3.320000000000e+02 5.412022847694e-03
3.350000000000e+02 5.431472559464e-03
3.380000000000e+02 4.688309892177e-03
3.410000000000e+02 4.534927583562e-03
3.440000000000e+02 4.600206593620e-03
3.470000000000e+02 4.945348020841e-03
3.500000000000e+02 4.886962169069e-03
3.530000000000e+02 5.438978453528e-03
3.560000000000e+02 5.483996651772e-03
3.590000000000e+02 5.157138115739e-03
3.620000000000e+02 5.188367136388e-03
3.650000000000e+02 5.222201595392e-03
3.680000000000e+02 5.188891180450e-03
3.710000000000e+02 5.139800792681e-03
3.740000000000e+02 5.369124667556e-03
3.770000000000e+02 4.863111250120e-03
3.800000000000e+02 4.532211518979e-03
3.830000000000e+02 5.068676235622e-03
3.860000000000e+02 5.009783505927e-03
3.890000000000e+02 4.749624477914e-03
3.920000000000e+02 4.573556163582e-03
3.950000000000e+02 4.751928078335e-03
3.980000000000e+02 5.528609061576e-03
